0
-430015904.00000000000000000000
-79515815581113518523416576.00000000000000000000
-434775310269729527037952.00000000000000000000
-1924335951077329480974336.00000000000000000000
670530816.00000000000000000000
-168885992526867121777410048.00000000000000000000
974030720.00000000000000000000
-268297193440542676714782720.00000000000000000000
374467808.00000000000000000000
624513920.00000000000000000000
-8392629835024293792055296.00000000000000000000
870429568.00000000000000000000
-13906900052998730167615488.00000000000000000000
483862400.00000000000000000000
811504512.00000000000000000000
909304832.00000000000000000000
-808957316502449910158721024.00000000000000000000
-72737670151693386039427072.00000000000000000000
-238620403616152076846891008.00000000000000000000
-537328899336612320355811328.00000000000000000000
-18740560354551083533598720.00000000000000000000
-363085013100048111892430848.00000000000000000000
806448704.00000000000000000000
-81335817468285887159730176.00000000000000000000
280900800.00000000000000000000
326903200.00000000000000000000
816215104.00000000000000000000
218684000.00000000000000000000
-16482619567521941946368.00000000000000000000
-926759921257613888057245696.00000000000000000000
97030280.00000000000000000000
767605504.00000000000000000000
953198720.00000000000000000000
759293824.00000000000000000000
-239815291463526613052817408.00000000000000000000
478106592.00000000000000000000
776798528.00000000000000000000
-938281019736289925614534656.00000000000000000000
-703027036233125399680253952.00000000000000000000
-209063499181496515354951680.00000000000000000000
453763808.00000000000000000000
-20535519633721886846746624.00000000000000000000
-298391396189833176316641280.00000000000000000000
234059600.00000000000000000000
-524266194350020577198080.00000000000000000000
205891008.00000000000000000000
-1937071986708345167806464.00000000000000000000
-274576003954631565346078720.00000000000000000000
198081200.00000000000000000000
941436416.00000000000000000000
908265920.00000000000000000000
580303424.00000000000000000000
-46057060451672931101048832.00000000000000000000
-650027917195879371446943744.00000000000000000000
-81105814239802839615406080.00000000000000000000
-63761830361877700277174272.00000000000000000000
340231712.00000000000000000000
599623104.00000000000000000000
-867241427716813724930015232.00000000000000000000
374440896.00000000000000000000
585473216.00000000000000000000
-9825425340717462085173248.00000000000000000000
-65298010644731973752324096.00000000000000000000
-871531992814405976959483904.00000000000000000000
-131883797716621648157736960.00000000000000000000
-26483360971483287916642304.00000000000000000000
315523008.00000000000000000000
558826624.00000000000000000000
875679424.00000000000000000000
213168896.00000000000000000000
516867488.00000000000000000000
-50530538851814068616953856.00000000000000000000
970777024.00000000000000000000
-991497588992676842042294272.00000000000000000000
919539200.00000000000000000000
-148250901980321369198428160.00000000000000000000
-374278792551880247165845504.00000000000000000000
870840320.00000000000000000000
223006496.00000000000000000000
589161920.00000000000000000000
-41500691607036579714957312.00000000000000000000
262039104.00000000000000000000
-67564751168195421882286080.00000000000000000000
-106527696522895668017102848.00000000000000000000
-593211296642277234966528.00000000000000000000
970696320.00000000000000000000
-475493088911784615935475712.00000000000000000000
-168897706209353927342686208.00000000000000000000
229597200.00000000000000000000
-259024199662129622212935680.00000000000000000000
632895808.00000000000000000000
-16124760163431361806336000.00000000000000000000
587480000.00000000000000000000
-85811643216610404216078336.00000000000000000000
-41203357762684492307234816.00000000000000000000
130857600.00000000000000000000
144674800.00000000000000000000
-42215692019019580362981376.00000000000000000000
-465419912268942188503629824.00000000000000000000
-701348825244275599512436736.00000000000000000000
727224128.00000000000000000000
481422592.00000000000000000000
943917312.00000000000000000000
305890496.00000000000000000000
-1422533063150286596472832.00000000000000000000
-13321989538988043098128384.00000000000000000000
-107063399194168230250807296.00000000000000000000
-71519580911960141644955648.00000000000000000000
-242560406789367552557449216.00000000000000000000
488140000.00000000000000000000
258353696.00000000000000000000
-28490560417515661082755072.00000000000000000000
-13709759699082996189495296.00000000000000000000
-70277598526965424953753600.00000000000000000000
801797824.00000000000000000000
219454704.00000000000000000000
11646510.00000000000000000000
-7097281199568320462848.00000000000000000000
653820416.00000000000000000000
496576800.00000000000000000000
-7265526854591612547235840.00000000000000000000
868476032.00000000000000000000
546039424.00000000000000000000
197222800.00000000000000000000
256409600.00000000000000000000
119323904.00000000000000000000
-91212619225034045521920.00000000000000000000
237867808.00000000000000000000
640967168.00000000000000000000
-102199500067393048502337536.00000000000000000000
308017216.00000000000000000000
612710208.00000000000000000000
-98705917324133380795662336.00000000000000000000
-173816106241494883961405440.00000000000000000000
687050304.00000000000000000000
-64353020839323980842139648.00000000000000000000
424909504.00000000000000000000
897289216.00000000000000000000
864476032.00000000000000000000
671400320.00000000000000000000
-139529797891105557061828608.00000000000000000000
976835328.00000000000000000000
907699712.00000000000000000000
852903616.00000000000000000000
-570418189240686597596250112.00000000000000000000
966146304.00000000000000000000
782948928.00000000000000000000
-218098898896240190831984640.00000000000000000000
991736320.00000000000000000000
43617712.00000000000000000000
-931167217351704574129340416.00000000000000000000
-587028412367905773672464384.00000000000000000000
-297157696392927555214114816.00000000000000000000
-95566097015347278015102976.00000000000000000000
189342000.00000000000000000000
-815324911195765562861944832.00000000000000000000
-1758835942588461583695872.00000000000000000000
-127109001407754066198528.00000000000000000000
792355904.00000000000000000000
-17339699621614020294868992.00000000000000000000
-4387988117653035205787648.00000000000000000000
-3482881037623530801332224.00000000000000000000
-760273333625902315077632000.00000000000000000000
-41453560175928251810578432.00000000000000000000
860561408.00000000000000000000
171193104.00000000000000000000
-431940916449566723275751424.00000000000000000000
-3369858989605416985427968.00000000000000000000
288792800.00000000000000000000
730531968.00000000000000000000
-13092860225005487543812096.00000000000000000000
434483008.00000000000000000000
-33593870612251482246873088.00000000000000000000
-58519888273741933405274112.00000000000000000000
-266687309191741896726151168.00000000000000000000
619420032.00000000000000000000
-199785506335439485564616704.00000000000000000000
148661600.00000000000000000000
477568000.00000000000000000000
175714208.00000000000000000000
-583176510844386334780424192.00000000000000000000
-116186301039425546985930752.00000000000000000000
234708800.00000000000000000000
-818762867782270959415721984.00000000000000000000
-203481108596422383425814528.00000000000000000000
-89268756746836348139208704.00000000000000000000
-510881101381860135240990720.00000000000000000000
760502528.00000000000000000000
-88789241272745236365312.00000000000000000000
286216288.00000000000000000000
-48012952188590523154432.00000000000000000000
-580741208585263347195183104.00000000000000000000
-64571979079792894792433664.00000000000000000000
-824779310255399477094383616.00000000000000000000
676108416.00000000000000000000
297920192.00000000000000000000
-776076216551991518917820416.00000000000000000000
-78286792033830582792224768.00000000000000000000
-250500199033341396635353088.00000000000000000000
-23472190561710244762746880.00000000000000000000
866092608.00000000000000000000
760489408.00000000000000000000
-390993313570092177046896640.00000000000000000000
-105002796424042467932766208.00000000000000000000
698067520.00000000000000000000
389992992.00000000000000000000
-172107993080501600610418688.00000000000000000000
876532416.00000000000000000000
-297135892341432430524104704.00000000000000000000
195356800.00000000000000000000
895752320.00000000000000000000
576464512.00000000000000000000
-805464388618604859141128192.00000000000000000000
-927892403769787064850055168.00000000000000000000
38605992.00000000000000000000
20267940.00000000000000000000
252351200.00000000000000000000
722105408.00000000000000000000
-438373794458389610233856.00000000000000000000
-829604124190246982123520.00000000000000000000
-737498909605524207814311936.00000000000000000000
338979392.00000000000000000000
217202000.00000000000000000000
688703808.00000000000000000000
930419328.00000000000000000000
-152513603270990282950180864.00000000000000000000
-241252606421517840186081280.00000000000000000000
-895173782741129907339788288.00000000000000000000
755424704.00000000000000000000
-127949596044417354101161984.00000000000000000000
-655790680044506235371782144.00000000000000000000
887439232.00000000000000000000
969875328.00000000000000000000
-296003797210884801631879168.00000000000000000000
426324000.00000000000000000000
-558304802703291893755674624.00000000000000000000
755673920.00000000000000000000
209871200.00000000000000000000
482129504.00000000000000000000
122125600.00000000000000000000
-297700307369855721674899456.00000000000000000000
630389120.00000000000000000000
-43629372086166367133237248.00000000000000000000
780876416.00000000000000000000
579582016.00000000000000000000
25078040.00000000000000000000
794954816.00000000000000000000
205305200.00000000000000000000
-604918691959887802954416128.00000000000000000000
-953071028838779885394591744.00000000000000000000
-14138570405977439212666880.00000000000000000000
575914816.00000000000000000000
-278745798218773240941117440.00000000000000000000
-456692905221622789310513152.00000000000000000000
339520704.00000000000000000000
-432454916526436566221979648.00000000000000000000
-126283403109331575706222592.00000000000000000000
606169216.00000000000000000000
-20381470873962338381201408.00000000000000000000
271075808.00000000000000000000
-173391591320126606050066432.00000000000000000000
-384813912559816509189259264.00000000000000000000
-274130791786412585317826560.00000000000000000000
-246763995488652264051048448.00000000000000000000
860155520.00000000000000000000
23174700.00000000000000000000
-83065172055080047059402752.00000000000000000000
558336512.00000000000000000000
-6178110891112012795871232.00000000000000000000
-2752700108189371799175168.00000000000000000000
905268224.00000000000000000000
-73378602274534424410324992.00000000000000000000
976294912.00000000000000000000
760445504.00000000000000000000
186436608.00000000000000000000
-54847741047848757238956032.00000000000000000000
530531392.00000000000000000000
-221724108381837813044215808.00000000000000000000
-6799542035753369337856.00000000000000000000
-31134730548099243493556224.00000000000000000000
-438121608731927550802001920.00000000000000000000
-477471317746249228250775552.00000000000000000000
426260096.00000000000000000000
-833260163949799296030736384.00000000000000000000
791838208.00000000000000000000
553449408.00000000000000000000
-750200304557012477322199040.00000000000000000000
983460416.00000000000000000000
813966208.00000000000000000000
856298816.00000000000000000000
37902800.00000000000000000000
806982208.00000000000000000000
-448153206413627836904505344.00000000000000000000
915632512.00000000000000000000
-142981395844853461829025792.00000000000000000000
-180489603291784862159077376.00000000000000000000
83105040.00000000000000000000
-6152147098828266601971712.00000000000000000000
-50936171152722301550592.00000000000000000000
378375200.00000000000000000000
-378226100635748911858843648.00000000000000000000
542362304.00000000000000000000
137734000.00000000000000000000
-18316899748017719295868928.00000000000000000000
636139328.00000000000000000000
-58478931890212279773298688.00000000000000000000
-985302434462962226227576832.00000000000000000000
-494108805161209347044278272.00000000000000000000
780632128.00000000000000000000
-713060884417602678348054528.00000000000000000000
-948414627912717825537474560.00000000000000000000
-393409984617700717985005568.00000000000000000000
196460400.00000000000000000000
718835008.00000000000000000000
124636400.00000000000000000000
-30802050436258919371243520.00000000000000000000
-29171940485502821466112.00000000000000000000
-2712481017961914245840896.00000000000000000000
-437173187832121847915216896.00000000000000000000
-763587106731303498929930240.00000000000000000000
548570624.00000000000000000000
394004608.00000000000000000000
-918733078828356208605265920.00000000000000000000
-214742601001717523808256.00000000000000000000
-647906689201355362687516672.00000000000000000000
-128872800245074296030887936.00000000000000000000
-170819606325522398707712.00000000000000000000
78472120.00000000000000000000
-26848219122517189138055168.00000000000000000000
-132513698686506608216768512.00000000000000000000
-31519990798078667479056384.00000000000000000000
-42383188455208863091654656.00000000000000000000
-19654300222576707856498688.00000000000000000000
706615616.00000000000000000000
999277824.00000000000000000000
842973824.00000000000000000000
460332896.00000000000000000000
681183808.00000000000000000000
369512512.00000000000000000000
764257216.00000000000000000000
323518208.00000000000000000000
-1698141067770178043904.00000000000000000000
577706624.00000000000000000000
309158912.00000000000000000000
958266304.00000000000000000000
-360705715155932906505895936.00000000000000000000
964253568.00000000000000000000
439320000.00000000000000000000
-811858325262457769084059648.00000000000000000000
191706000.00000000000000000000
873170432.00000000000000000000
-211663992791530209280.00000000000000000000
-21944611073280338366038016.00000000000000000000
-319116386943622152395423744.00000000000000000000
913089408.00000000000000000000
-306221393413080301143326720.00000000000000000000
747417024.00000000000000000000
448582912.00000000000000000000
-106308798234344993622851584.00000000000000000000
300820512.00000000000000000000
-79617770735608911215198208.00000000000000000000
500303712.00000000000000000000
-220429497436000803002253312.00000000000000000000
470128608.00000000000000000000
-963585377812889150462885888.00000000000000000000
-1772895964452330158424064.00000000000000000000
-652200205777999408245243904.00000000000000000000
-970698874096815028830208.00000000000000000000
272667008.00000000000000000000
-169866602995081447831764992.00000000000000000000
663179520.00000000000000000000
604859712.00000000000000000000
-731640887770500707764928512.00000000000000000000
-534965686953329389698285568.00000000000000000000
-55297887720107454572265472.00000000000000000000
42572000.00000000000000000000
-759369516953266841886654464.00000000000000000000
-3370108020650412064374784.00000000000000000000
-63146437756206712780488704.00000000000000000000
-184510296991149573799936.00000000000000000000
862737728.00000000000000000000
740259008.00000000000000000000
-726040825204603962085343232.00000000000000000000
-869736829468128858234421248.00000000000000000000
-2324976029813020729278464.00000000000000000000
-205795806042791457962590208.00000000000000000000
236714800.00000000000000000000
-678308989470164959220465664.00000000000000000000
-68119467820921960236318720.00000000000000000000
853555712.00000000000000000000
318610400.00000000000000000000
-162739094679649330149720064.00000000000000000000
-485256913656510934186721280.00000000000000000000
918634624.00000000000000000000
936684928.00000000000000000000
-4869260211771603586908160.00000000000000000000
-575110303063275359145295872.00000000000000000000
422772896.00000000000000000000
-32503529686914694924730368.00000000000000000000
-91876471499444262048628736.00000000000000000000
-83433738001672763900690432.00000000000000000000
-125544103723717481151332352.00000000000000000000
-18678090455745466137051136.00000000000000000000
32912440.00000000000000000000
-287370001561369856803078144.00000000000000000000
239230304.00000000000000000000
225999600.00000000000000000000
-275808504713172395327750144.00000000000000000000
563047424.00000000000000000000
-144425600661756219479818240.00000000000000000000
-74330269801297100178194432.00000000000000000000
-98076440629362116056317952.00000000000000000000
324416512.00000000000000000000
-358367590344590220838567936.00000000000000000000
-226354001336665952275660800.00000000000000000000
852035328.00000000000000000000
376620704.00000000000000000000
-912571423585879449336283136.00000000000000000000
-432845507885453292267896832.00000000000000000000
194901904.00000000000000000000
-3159000022706366135140352.00000000000000000000
187196000.00000000000000000000
305079392.00000000000000000000
-727507488932416461115228160.00000000000000000000
-388479981583537398058319872.00000000000000000000
-760496686803146790328598528.00000000000000000000
-747158731607162951613546496.00000000000000000000
19278100.00000000000000000000
-454594993911607949424328704.00000000000000000000
-308500101261761568344899584.00000000000000000000
-446226407101640726819110912.00000000000000000000
-36413520007522245194809344.00000000000000000000
617882624.00000000000000000000
-131933198097251042336964608.00000000000000000000
-677420889423480286567464960.00000000000000000000
-74953350087560806130515968.00000000000000000000
-580484614375198047332204544.00000000000000000000
-174664095140227967877120.00000000000000000000
-84727611077746825560588288.00000000000000000000
287323904.00000000000000000000
-851319112499140793204736.00000000000000000000
-32395120477836513103577088.00000000000000000000
589102720.00000000000000000000
-47629398622725887492096.00000000000000000000
-5830220285861410541404160.00000000000000000000
-4323346114732738509537280.00000000000000000000
-344073983125123785092497408.00000000000000000000
248759600.00000000000000000000
681503424.00000000000000000000
430566016.00000000000000000000
212800800.00000000000000000000
819501824.00000000000000000000
379512704.00000000000000000000
194216800.00000000000000000000
-150729203599880173748486144.00000000000000000000
-518361182316773063583072256.00000000000000000000
564930816.00000000000000000000
-233535595505722186363043840.00000000000000000000
406440512.00000000000000000000
594853632.00000000000000000000
369405088.00000000000000000000
374464000.00000000000000000000
-259408408447696844753993728.00000000000000000000
69117984.00000000000000000000
929977216.00000000000000000000
116076704.00000000000000000000
-37886311188872556445696.00000000000000000000
312456608.00000000000000000000
-550877110521548300540182528.00000000000000000000
-303077902202223530161995776.00000000000000000000
-660610666697013951532630016.00000000000000000000
448534304.00000000000000000000
-349879505526513507757981696.00000000000000000000
676265920.00000000000000000000
446113504.00000000000000000000
824452416.00000000000000000000
-135801701690436819825459200.00000000000000000000
461727008.00000000000000000000
-199789306364718669732249600.00000000000000000000
-693456127537921935919808512.00000000000000000000
626654720.00000000000000000000
344195488.00000000000000000000
-68765191485536144663248896.00000000000000000000
-914213921678202547812171776.00000000000000000000
-1477648043332452688592896.00000000000000000000
17876650.00000000000000000000
525921600.00000000000000000000
-246301406487515849625174016.00000000000000000000
-803786030055802469296898048.00000000000000000000
-22918640665546368537853952.00000000000000000000
-427967893604459307467800576.00000000000000000000
-8293509714508729336987648.00000000000000000000
-6592683017424561258889216.00000000000000000000
-588322303890723909041913856.00000000000000000000
260377408.00000000000000000000
787856512.00000000000000000000
998959104.00000000000000000000
-61403271169787362854043648.00000000000000000000
699363712.00000000000000000000
-871187112487203903182471168.00000000000000000000
-184339291206015455904923648.00000000000000000000
-617083509172681513631744.00000000000000000000
-3199905101229064762425344.00000000000000000000
-162297000011178807035691008.00000000000000000000
480638592.00000000000000000000
472447392.00000000000000000000
-982158223829086580573732864.00000000000000000000
-18084619760771851616256.00000000000000000000
729787712.00000000000000000000
-846824423802079403525013504.00000000000000000000
71154224.00000000000000000000
141795904.00000000000000000000
841597824.00000000000000000000
586497728.00000000000000000000
-80654099594297876970209280.00000000000000000000
640733312.00000000000000000000
672018432.00000000000000000000
622866304.00000000000000000000
-54104590904409275815165952.00000000000000000000
-47501827894269936893165568.00000000000000000000
-226316001043874110599331840.00000000000000000000
646438528.00000000000000000000
-298640194488799512756224.00000000000000000000
-773306991331646241029226496.00000000000000000000
-634819609724773973874442240.00000000000000000000
-45601448931482397313073152.00000000000000000000
838198528.00000000000000000000
305860192.00000000000000000000
-232576198793192626293047296.00000000000000000000
330648800.00000000000000000000
-582291616784175597617152.00000000000000000000
-892157813872054690488778752.00000000000000000000
816811712.00000000000000000000
227427200.00000000000000000000
-514737393230469117006315520.00000000000000000000
323235200.00000000000000000000
306604000.00000000000000000000
-963622935383823223109976064.00000000000000000000
707047168.00000000000000000000
-4894538015760108706856960.00000000000000000000
-5525163020349961865789440.00000000000000000000
913388928.00000000000000000000
310182592.00000000000000000000
258763200.00000000000000000000
-72458621642404363224743936.00000000000000000000
-9004922811230145780645888.00000000000000000000
283574688.00000000000000000000
-58979659534721088697139200.00000000000000000000
592404800.00000000000000000000
-212735600290529507247390720.00000000000000000000
-30491570980911304694300672.00000000000000000000
638769920.00000000000000000000
927315904.00000000000000000000
49072860.00000000000000000000
75423680.00000000000000000000
636333312.00000000000000000000
-740554723441798637296812032.00000000000000000000
198226304.00000000000000000000
781265728.00000000000000000000
50234500.00000000000000000000
673310208.00000000000000000000
851682816.00000000000000000000
-1458582036295581184294912.00000000000000000000
42064800.00000000000000000000
-219027803140815909013159936.00000000000000000000
-32484750901447658601185280.00000000000000000000
-436859814543797670052364288.00000000000000000000
-301376005593983086929903616.00000000000000000000
301696608.00000000000000000000
-700147794631124518025822208.00000000000000000000
639210112.00000000000000000000
775083712.00000000000000000000
-722416187568072624869212160.00000000000000000000
-339514907220794616829706240.00000000000000000000
-17321850090879697089986560.00000000000000000000
877800128.00000000000000000000
-847512782503933949153116160.00000000000000000000
648792832.00000000000000000000
717085824.00000000000000000000
315823808.00000000000000000000
922030720.00000000000000000000
721293824.00000000000000000000
203504400.00000000000000000000
290959104.00000000000000000000
-958548309876122020298620928.00000000000000000000
-681518206430156357334204416.00000000000000000000
37375640.00000000000000000000
711690368.00000000000000000000
-187114105789815067787657216.00000000000000000000
422039808.00000000000000000000
-79527021978138297076023296.00000000000000000000
-506610200513450457593544704.00000000000000000000
-39229550310132453212160.00000000000000000000
548592128.00000000000000000000
245794400.00000000000000000000
22347650.00000000000000000000
515606112.00000000000000000000
-331447999039869592535040.00000000000000000000
-384866301312985844315848704.00000000000000000000
-116888301108522600827453440.00000000000000000000
256582208.00000000000000000000
-861852912411954280388362240.00000000000000000000
125409000.00000000000000000000
-34267819758867879821312.00000000000000000000
892128512.00000000000000000000
554488128.00000000000000000000
920222208.00000000000000000000
-929692215695570758382125056.00000000000000000000
665946304.00000000000000000000
749393024.00000000000000000000
-359046983928824943624585216.00000000000000000000
-622620408933948373199749120.00000000000000000000
-1817231993257550686453760.00000000000000000000
744604928.00000000000000000000
871337216.00000000000000000000
-112908803456245312966885376.00000000000000000000
-965433225060240783667363840.00000000000000000000
