0
-356596800.00000000000000000000
-45345302054960884906721280.00000000000000000000
-883531083325519976418246656.00000000000000000000
339037088.00000000000000000000
412063008.00000000000000000000
876449920.00000000000000000000
14953470.00000000000000000000
-532423393578578886713671680.00000000000000000000
28497740.00000000000000000000
-145605002467480876517163008.00000000000000000000
596852928.00000000000000000000
-38498299541599613093937152.00000000000000000000
862555328.00000000000000000000
-227275596347132839198720.00000000000000000000
-865604906369570508348850176.00000000000000000000
847251328.00000000000000000000
534766496.00000000000000000000
128023400.00000000000000000000
990326016.00000000000000000000
-207959295527988335304769536.00000000000000000000
-15151469593849784623431680.00000000000000000000
-637906930599926299271102464.00000000000000000000
-47905308915708167488274432.00000000000000000000
904180416.00000000000000000000
-274462003076256040317091840.00000000000000000000
288571712.00000000000000000000
32527860.00000000000000000000
710554624.00000000000000000000
638515328.00000000000000000000
-56212159084946702651621376.00000000000000000000
390199008.00000000000000000000
749630016.00000000000000000000
-36252099467662240549699584.00000000000000000000
-10286810394565491556352.00000000000000000000
889187968.00000000000000000000
302477600.00000000000000000000
986860928.00000000000000000000
-373798882058058619471003648.00000000000000000000
467508000.00000000000000000000
-933945813518039296470155264.00000000000000000000
-420149314915793808853565440.00000000000000000000
182517408.00000000000000000000
-222042001122460049747214336.00000000000000000000
501149504.00000000000000000000
471438496.00000000000000000000
708843712.00000000000000000000
477190016.00000000000000000000
-86475200271057847352033280.00000000000000000000
-23722030957601557716140032.00000000000000000000
844410624.00000000000000000000
336382592.00000000000000000000
686416704.00000000000000000000
-287539896074288721773461504.00000000000000000000
766130304.00000000000000000000
127687800.00000000000000000000
904014528.00000000000000000000
-57220439669271593033400320.00000000000000000000
-188267101081398209601863680.00000000000000000000
-3560089020252913674485760.00000000000000000000
891331328.00000000000000000000
-6157546806695092769783808.00000000000000000000
791086912.00000000000000000000
-7891475033098028031410176.00000000000000000000
-111849803549089758172938240.00000000000000000000
-665184131061720613245681664.00000000000000000000
-383755290810914465441120256.00000000000000000000
-151353303068753952153534464.00000000000000000000
741748800.00000000000000000000
39578240.00000000000000000000
49987800.00000000000000000000
708260224.00000000000000000000
166304096.00000000000000000000
970810112.00000000000000000000
-336041994918960669130752.00000000000000000000
-820143569682699971935076352.00000000000000000000
-37941419485712875520.00000000000000000000
144180000.00000000000000000000
-660101536560579567908028416.00000000000000000000
-134119196501327923380224.00000000000000000000
-547691800541876430005338112.00000000000000000000
-781427425622804895105024.00000000000000000000
-259793705591164416158597120.00000000000000000000
125073800.00000000000000000000
-276753204702937167691776.00000000000000000000
409654112.00000000000000000000
348775904.00000000000000000000
-92731450417144589201702912.00000000000000000000
846651328.00000000000000000000
-388408590378129132879872.00000000000000000000
537240832.00000000000000000000
-25568870551558164536360960.00000000000000000000
198340304.00000000000000000000
957621824.00000000000000000000
551717632.00000000000000000000
-1824932067756443665694720.00000000000000000000
-286057903102150970106183680.00000000000000000000
625127808.00000000000000000000
-467888012839028231671644160.00000000000000000000
395511392.00000000000000000000
-780420277207397528646975488.00000000000000000000
877354304.00000000000000000000
467854208.00000000000000000000
-116490598529665459749388288.00000000000000000000
-803543934986579105141489664.00000000000000000000
-863892236862791018738614272.00000000000000000000
-287132296817236035520954368.00000000000000000000
350867808.00000000000000000000
-358258902128507924160446464.00000000000000000000
-512140202345355254396092416.00000000000000000000
-595100892042001810555142144.00000000000000000000
-736006789370889989603196928.00000000000000000000
623591104.00000000000000000000
-2313879016215991751278592.00000000000000000000
-297114807712956180506607616.00000000000000000000
114810800.00000000000000000000
82913512.00000000000000000000
-374767299228440223511740416.00000000000000000000
-627222724006386316651528192.00000000000000000000
-74320558275089435459584.00000000000000000000
722425408.00000000000000000000
930519808.00000000000000000000
-861396982685428475110621184.00000000000000000000
-175740101648382790194954240.00000000000000000000
372751808.00000000000000000000
800778112.00000000000000000000
60575520.00000000000000000000
-28334210426432917350645760.00000000000000000000
537748800.00000000000000000000
-73933051449471893975859200.00000000000000000000
-9718837801659754610688.00000000000000000000
489798688.00000000000000000000
-457002884309037404615868416.00000000000000000000
269663808.00000000000000000000
-381960385719054378649780224.00000000000000000000
-1680100050735098486587392.00000000000000000000
997251712.00000000000000000000
256989408.00000000000000000000
558198528.00000000000000000000
-13252620557898858329276416.00000000000000000000
658511616.00000000000000000000
-138463098485911861592064.00000000000000000000
628612800.00000000000000000000
-975356023845394330834436096.00000000000000000000
101752800.00000000000000000000
626026816.00000000000000000000
982060608.00000000000000000000
304920000.00000000000000000000
47424032.00000000000000000000
211262800.00000000000000000000
465560800.00000000000000000000
-697098916770621803334729728.00000000000000000000
-22252009922367643547860992.00000000000000000000
-59236120005891854165868544.00000000000000000000
617366528.00000000000000000000
537749120.00000000000000000000
-206636700871391507873005568.00000000000000000000
-437141791473708394258366464.00000000000000000000
-527506303265267163473117184.00000000000000000000
-490923310714096739413917696.00000000000000000000
240285600.00000000000000000000
87993664.00000000000000000000
104618000.00000000000000000000
982141824.00000000000000000000
-8872775813063237435392.00000000000000000000
457989696.00000000000000000000
166631104.00000000000000000000
317783200.00000000000000000000
224955504.00000000000000000000
606035712.00000000000000000000
-245470602027924118839492608.00000000000000000000
179522400.00000000000000000000
-20138338877946369933312.00000000000000000000
-2819085904885386351476736.00000000000000000000
279517792.00000000000000000000
932401920.00000000000000000000
130720800.00000000000000000000
-158749193063714470102040576.00000000000000000000
163579808.00000000000000000000
-138699897321973438044176384.00000000000000000000
-80787460330578760173617152.00000000000000000000
-967270668343934844684730368.00000000000000000000
-523739883953785294643265536.00000000000000000000
-843052876295745043439812608.00000000000000000000
-542937189150365940495417344.00000000000000000000
205410000.00000000000000000000
-91100149498474232423645184.00000000000000000000
-952873722464167488030507008.00000000000000000000
-5566747169638873925943296.00000000000000000000
501422912.00000000000000000000
-864165912757868573646389248.00000000000000000000
434038592.00000000000000000000
-36575291035519650321399808.00000000000000000000
943994816.00000000000000000000
962974528.00000000000000000000
-789734776159976429639958528.00000000000000000000
344444096.00000000000000000000
-98762963880181327584034816.00000000000000000000
130846800.00000000000000000000
-126415297329458599000276992.00000000000000000000
-206903496130929569118027776.00000000000000000000
-589426193949582836029718528.00000000000000000000
419810208.00000000000000000000
848145728.00000000000000000000
249096704.00000000000000000000
354560000.00000000000000000000
-1114666992623239489912832.00000000000000000000
635135104.00000000000000000000
