1
-252534800.00000000000000000000
923502720.00000000000000000000
-16105100545934805851701248.00000000000000000000
520097600.00000000000000000000
-551219814132949676590104576.00000000000000000000
392702400.00000000000000000000
-156629901977318200845533184.00000000000000000000
-826433373879796039155712.00000000000000000000
144180800.00000000000000000000
-27228729335897632914014208.00000000000000000000
-2347302066519356169256960.00000000000000000000
-26992170595739390837784576.00000000000000000000
897898304.00000000000000000000
-1734349042752116760772608.00000000000000000000
663103232.00000000000000000000
251083296.00000000000000000000
-13270230280960223309987840.00000000000000000000
-1903853003511296161742848.00000000000000000000
349844000.00000000000000000000
4605957.00000000000000000000
-4456771126387503544664064.00000000000000000000
433432512.00000000000000000000
-3361834079472601027051520.00000000000000000000
231614704.00000000000000000000
840723520.00000000000000000000
476849312.00000000000000000000
-305680700897535800475910144.00000000000000000000
735596032.00000000000000000000
550963968.00000000000000000000
-498162182023501841659068416.00000000000000000000
481371904.00000000000000000000
-299518197104831650567553024.00000000000000000000
384617216.00000000000000000000
-422144404074341791699042304.00000000000000000000
-14921980568357791732858880.00000000000000000000
-973718395693506691680174080.00000000000000000000
-295389502186486199853514752.00000000000000000000
-242589903133141414130483200.00000000000000000000
-151734099206667538427543552.00000000000000000000
868233920.00000000000000000000
-299612792008441633148239872.00000000000000000000
358789600.00000000000000000000
717649408.00000000000000000000
-56804802243488787843776512.00000000000000000000
635959808.00000000000000000000
-2574226129893974977019904.00000000000000000000
-238642595049272749437485056.00000000000000000000
652643520.00000000000000000000
475165504.00000000000000000000
964781312.00000000000000000000
-18775869728551172829085696.00000000000000000000
210875600.00000000000000000000
-3325349013768188899360768.00000000000000000000
40346120.00000000000000000000
-789747627775988282163200.00000000000000000000
329394912.00000000000000000000
365230688.00000000000000000000
-18939320884906688512.00000000000000000000
-1573212058531850616832.00000000000000000000
764503616.00000000000000000000
-839975369088439931524612096.00000000000000000000
826016128.00000000000000000000
606204608.00000000000000000000
507689696.00000000000000000000
-279814694804124340909506560.00000000000000000000
671493824.00000000000000000000
-157559599431889088537427968.00000000000000000000
543896832.00000000000000000000
-43540131350023778749906944.00000000000000000000
-22377629943666596380672000.00000000000000000000
-762314797899051603735871488.00000000000000000000
434823808.00000000000000000000
-19859640154233205730312192.00000000000000000000
-5981846181079027718029312.00000000000000000000
-13005989895476370837864448.00000000000000000000
756998208.00000000000000000000
-309239004042378078144430080.00000000000000000000
-669220868960858621844914176.00000000000000000000
-767639782617321192581758976.00000000000000000000
-539922585340352178151227392.00000000000000000000
366891008.00000000000000000000
-61426961400864024345706496.00000000000000000000
92083080.00000000000000000000
251172000.00000000000000000000
-57200918402355589900402688.00000000000000000000
-161539798060441177360957440.00000000000000000000
-3807003877826286753677312.00000000000000000000
-393502513485974445095911424.00000000000000000000
922969408.00000000000000000000
471907392.00000000000000000000
-342838287044632937234432.00000000000000000000
-215922293776006905998606336.00000000000000000000
-30341110112874092736544768.00000000000000000000
364241408.00000000000000000000
-185969393086321021562126336.00000000000000000000
795417728.00000000000000000000
-505747409399634914445361152.00000000000000000000
255679504.00000000000000000000
-55801511503435835895709696.00000000000000000000
516242112.00000000000000000000
-7632629743794983299710976.00000000000000000000
868896128.00000000000000000000
-508290403750660218392936448.00000000000000000000
923435328.00000000000000000000
-49860410144790366453235712.00000000000000000000
401981088.00000000000000000000
-3493858867960021046525952.00000000000000000000
772934528.00000000000000000000
-129830702771333885627203584.00000000000000000000
-423784909918304929543356416.00000000000000000000
-712116706268933928658141184.00000000000000000000
-730200565993225465974751232.00000000000000000000
-238809206041746494107680768.00000000000000000000
754750912.00000000000000000000
613799808.00000000000000000000
-15055169519334488516067328.00000000000000000000
796870912.00000000000000000000
-84534685804851934215012352.00000000000000000000
439399616.00000000000000000000
-678985689829764920411947008.00000000000000000000
-39880218927137490443698176.00000000000000000000
-189591208371009081216860160.00000000000000000000
992631168.00000000000000000000
480468512.00000000000000000000
-407340891955189876527202304.00000000000000000000
239040000.00000000000000000000
-24756870241706571424858112.00000000000000000000
102565504.00000000000000000000
10027690.00000000000000000000
-422446303487852122220789760.00000000000000000000
-968111323364861936370974720.00000000000000000000
-533125107723142798057144320.00000000000000000000
-472484683207779620000628736.00000000000000000000
796550720.00000000000000000000
603359808.00000000000000000000
-139254000620459525555617792.00000000000000000000
404486496.00000000000000000000
-9079153085843505319772160.00000000000000000000
878431808.00000000000000000000
-218047709181435646826250240.00000000000000000000
-499877102033058323834601472.00000000000000000000
-34120759216635723644928.00000000000000000000
126586800.00000000000000000000
-860641108900264152523603968.00000000000000000000
-817395117802024700215296.00000000000000000000
-197140390809222125539295232.00000000000000000000
725177728.00000000000000000000
363979296.00000000000000000000
-1643544945049281492942848.00000000000000000000
-504394006951052735152128.00000000000000000000
-82444992519321931934072832.00000000000000000000
-7273608834338906544537600.00000000000000000000
-85398426925987273405104128.00000000000000000000
787784128.00000000000000000000
-29683539026878568350089216.00000000000000000000
890014720.00000000000000000000
780049216.00000000000000000000
715648512.00000000000000000000
269914816.00000000000000000000
-44459641590179960341921792.00000000000000000000
-797496501983406755416113152.00000000000000000000
926402112.00000000000000000000
972622400.00000000000000000000
-12811849443315623875575808.00000000000000000000
973531904.00000000000000000000
839771328.00000000000000000000
-103329501492488311360454656.00000000000000000000
-77321838239648817719803904.00000000000000000000
568081728.00000000000000000000
-5287703272035869538648064.00000000000000000000
-186299995633610044146188288.00000000000000000000
-394945897422765922671656960.00000000000000000000
-38150330213427524403200.00000000000000000000
-529318991018414306272215040.00000000000000000000
-2458122899154799362572288.00000000000000000000
-913993815127915045442289664.00000000000000000000
636627968.00000000000000000000
-52849880266003699533348864.00000000000000000000
57441760.00000000000000000000
-147818796223766759806599168.00000000000000000000
-13535579776931507568902144.00000000000000000000
-627526126746468352.00000000000000000000
989312128.00000000000000000000
131693504.00000000000000000000
-728084701966001640570880.00000000000000000000
52279680.00000000000000000000
-5260678791967885045530624.00000000000000000000
-580105792038900347980218368.00000000000000000000
-410994896808286559349506048.00000000000000000000
-502720505358318877802496.00000000000000000000
-45205328160929576829059072.00000000000000000000
-188064297577051846791397376.00000000000000000000
323268000.00000000000000000000
920583808.00000000000000000000
-881741527789441265396875264.00000000000000000000
396884416.00000000000000000000
-890755787535476469727756288.00000000000000000000
-1549491049855335675199488.00000000000000000000
128793200.00000000000000000000
-476758203513847764404404224.00000000000000000000
-8339480153661918146461696.00000000000000000000
-938706327867653373036593152.00000000000000000000
555136512.00000000000000000000
69057960.00000000000000000000
362320608.00000000000000000000
306599616.00000000000000000000
-48402688476167598128496640.00000000000000000000
-222100790895822962088214528.00000000000000000000
-2852744871751630945517568.00000000000000000000
452514304.00000000000000000000
145327504.00000000000000000000
815308032.00000000000000000000
811544320.00000000000000000000
-985349289192909448488681472.00000000000000000000
-43706530204940675760259072.00000000000000000000
458259392.00000000000000000000
-170385897287500445419307008.00000000000000000000
436233696.00000000000000000000
-36092000175846515351224320.00000000000000000000
255932400.00000000000000000000
-29062709243391854963064832.00000000000000000000
-1118699988044597952512.00000000000000000000
-9981912529459254032072704.00000000000000000000
404817312.00000000000000000000
-429417918369117320482127872.00000000000000000000
57156880.00000000000000000000
-143997700762850415865757696.00000000000000000000
898406720.00000000000000000000
784017216.00000000000000000000
-462707097191974314423877632.00000000000000000000
-86156966265670247022329856.00000000000000000000
503421312.00000000000000000000
-388342590233676409317883904.00000000000000000000
422702400.00000000000000000000
-377921286636674935227940864.00000000000000000000
-487640897073620861799366656.00000000000000000000
576719232.00000000000000000000
687147712.00000000000000000000
-7410449087720693212119040.00000000000000000000
-556867100363675118721826816.00000000000000000000
-249092601780052915589742592.00000000000000000000
-8630237733751728099033088.00000000000000000000
-404246598210777688920031232.00000000000000000000
-48923878171540169372467200.00000000000000000000
-48234301984576758913957888.00000000000000000000
-21809989040873415272038400.00000000000000000000
373736896.00000000000000000000
56101392.00000000000000000000
940440512.00000000000000000000
150895008.00000000000000000000
940969408.00000000000000000000
255819008.00000000000000000000
149615600.00000000000000000000
-848355724921126180823760896.00000000000000000000
873665728.00000000000000000000
-96844539390003681635074048.00000000000000000000
569004416.00000000000000000000
569677824.00000000000000000000
-223298095266671154245402624.00000000000000000000
-31696309389621201800790016.00000000000000000000
-142968796718651118205272064.00000000000000000000
58868320.00000000000000000000
-255906699913672707989831680.00000000000000000000
-735142817665453729043709952.00000000000000000000
-539328710861643172846501888.00000000000000000000
710969920.00000000000000000000
84670600.00000000000000000000
-413851190084198994018304.00000000000000000000
-653342133023138324328480768.00000000000000000000
-264532692590444473678299136.00000000000000000000
295601408.00000000000000000000
915727104.00000000000000000000
567624704.00000000000000000000
-217678903427169971760791552.00000000000000000000
91936792.00000000000000000000
-220646006871193932009570304.00000000000000000000
-67229140329890387154960384.00000000000000000000
444540992.00000000000000000000
910867904.00000000000000000000
-341077383337325963270684672.00000000000000000000
-23197889783177192943910912.00000000000000000000
-82124037619183459445506048.00000000000000000000
125093104.00000000000000000000
-736572883053023988323188736.00000000000000000000
-302933408855894163244187648.00000000000000000000
-70396501627578538296082432.00000000000000000000
-57852111526587629209387008.00000000000000000000
-618910990061654266884390912.00000000000000000000
-4748679889592464179200.00000000000000000000
601179712.00000000000000000000
904528512.00000000000000000000
442813696.00000000000000000000
-4601663095327088279814144.00000000000000000000
-844358167906400731312160768.00000000000000000000
-232298593741627371250778112.00000000000000000000
-69026900055395880499412992.00000000000000000000
827105216.00000000000000000000
89665080.00000000000000000000
-702396010011851943338573824.00000000000000000000
322042112.00000000000000000000
909884032.00000000000000000000
-739462528618682442164731904.00000000000000000000
308825408.00000000000000000000
564246208.00000000000000000000
-753869509527225896815034368.00000000000000000000
-186544802374212243605684224.00000000000000000000
38745712.00000000000000000000
-926713621659371133992960.00000000000000000000
-16947080273670690805121024.00000000000000000000
-4306846943310686074175488.00000000000000000000
379730208.00000000000000000000
-51845708693921227954192384.00000000000000000000
690606400.00000000000000000000
373513792.00000000000000000000
339878112.00000000000000000000
-17051010382703475025772544.00000000000000000000
-782426102370996410451492864.00000000000000000000
149553504.00000000000000000000
-404131195379852561965121536.00000000000000000000
597083328.00000000000000000000
368364800.00000000000000000000
716201920.00000000000000000000
-479312597952710620854878208.00000000000000000000
-610808183940301051498856448.00000000000000000000
576646720.00000000000000000000
560007808.00000000000000000000
136445104.00000000000000000000
16342140.00000000000000000000
-219362796013194474470506496.00000000000000000000
-59835021222360945323409408.00000000000000000000
258987904.00000000000000000000
544810816.00000000000000000000
127387200.00000000000000000000
494264608.00000000000000000000
293163200.00000000000000000000
-809227671983594197347205120.00000000000000000000
742257408.00000000000000000000
-31999820587394972694609920.00000000000000000000
779403008.00000000000000000000
253096608.00000000000000000000
-8213626089297530123714560.00000000000000000000
411547200.00000000000000000000
-16024099739785642603708416.00000000000000000000
-783663509963460847173894144.00000000000000000000
695629504.00000000000000000000
-166738293454597339811414016.00000000000000000000
-836553200933277794304.00000000000000000000
747103808.00000000000000000000
21328170.00000000000000000000
-604220187548792717072924672.00000000000000000000
732327424.00000000000000000000
458320096.00000000000000000000
51012000.00000000000000000000
-2528132904600545538342912.00000000000000000000
184957408.00000000000000000000
-597241415330826919505559552.00000000000000000000
-237006405743422859628249088.00000000000000000000
-88532916125736074125246464.00000000000000000000
-80511331018539401895477248.00000000000000000000
618103808.00000000000000000000
851511616.00000000000000000000
-42060900777811065087983616.00000000000000000000
-212999491773143028072448.00000000000000000000
-235842397745627713211727872.00000000000000000000
33057750.00000000000000000000
-717169417621136316825600.00000000000000000000
-366757390910242209428144128.00000000000000000000
585107712.00000000000000000000
803104512.00000000000000000000
-816893032015983464425717760.00000000000000000000
943742912.00000000000000000000
585046208.00000000000000000000
930198528.00000000000000000000
-349816786596662895282487296.00000000000000000000
699936704.00000000000000000000
333186400.00000000000000000000
90987288.00000000000000000000
168320896.00000000000000000000
786479424.00000000000000000000
382976288.00000000000000000000
931217728.00000000000000000000
-666997814939047736360566784.00000000000000000000
-1511679980305437597630464.00000000000000000000
439792000.00000000000000000000
337456192.00000000000000000000
-941663119581740129646018560.00000000000000000000
956675008.00000000000000000000
-207434301191650561465778176.00000000000000000000
-127181298377119388131131392.00000000000000000000
899112128.00000000000000000000
-260459397423892826947584.00000000000000000000
-27589300924777405878370304.00000000000000000000
-433341799088012374044573696.00000000000000000000
-800202786912972536314593280.00000000000000000000
130397400.00000000000000000000
595238016.00000000000000000000
71379640.00000000000000000000
868621120.00000000000000000000
290762112.00000000000000000000
26123540.00000000000000000000
665142720.00000000000000000000
-875607468876098775617110016.00000000000000000000
-646208186794024482012921856.00000000000000000000
176842800.00000000000000000000
171370704.00000000000000000000
-57306060231889715917225984.00000000000000000000
919372928.00000000000000000000
953255616.00000000000000000000
-14292430086610232155308032.00000000000000000000
-923316725795791557990809600.00000000000000000000
-1282983011887109610930176.00000000000000000000
-37713189972921470081302528.00000000000000000000