0
-341945312.00000000000000000000
-39982501511340191480020992.00000000000000000000
279928096.00000000000000000000
-18837650180297035331141632.00000000000000000000
-58852109522823424002490368.00000000000000000000
774899200.00000000000000000000
402533696.00000000000000000000
-7717936900915037470720.00000000000000000000
-48024557892772662884696064.00000000000000000000
-266253607791824911458107392.00000000000000000000
-533305996495529593920290816.00000000000000000000
247745408.00000000000000000000
875111104.00000000000000000000
570174720.00000000000000000000
870934208.00000000000000000000
848282624.00000000000000000000
641715904.00000000000000000000
-99667463082347528028422144.00000000000000000000
-12347769714673752796561408.00000000000000000000
-54677071771678796467404800.00000000000000000000
831303168.00000000000000000000
-375844515295368566487908352.00000000000000000000
440398400.00000000000000000000
221794496.00000000000000000000
733469312.00000000000000000000
-2624548118143914999808.00000000000000000000
915715200.00000000000000000000
-332157681601412594101387264.00000000000000000000
857369408.00000000000000000000
848184128.00000000000000000000
-23754939949029055556222976.00000000000000000000
-97430490992133028687380480.00000000000000000000
-107293199508466466990063616.00000000000000000000
812237824.00000000000000000000
281096096.00000000000000000000
-865256189119601102985101312.00000000000000000000
788861120.00000000000000000000
538346624.00000000000000000000
180031296.00000000000000000000
511598688.00000000000000000000
736124224.00000000000000000000
675281728.00000000000000000000
464643296.00000000000000000000
-61761488492954728636874752.00000000000000000000
-123981197423349728280576.00000000000000000000
-487675384126357790261248.00000000000000000000
-292920405492220176369713152.00000000000000000000
-35229739405923091352649728.00000000000000000000
819039232.00000000000000000000
-597502104718076582888996864.00000000000000000000
714423104.00000000000000000000
-902803429876992472726372352.00000000000000000000
-180823101977893457142743040.00000000000000000000
816946112.00000000000000000000
179522800.00000000000000000000
-239046191362861440717291520.00000000000000000000
-17562839508380143279144960.00000000000000000000
120433200.00000000000000000000
-152762403731684440527601664.00000000000000000000
-2087082062437255848394752.00000000000000000000
1479098.00000000000000000000
648536320.00000000000000000000
171635600.00000000000000000000
-108128403516519777503805440.00000000000000000000
966638720.00000000000000000000
276110912.00000000000000000000
-187985806681018212649271296.00000000000000000000
289766016.00000000000000000000
512577888.00000000000000000000
122758000.00000000000000000000
53416940.00000000000000000000
-1296154995962054761775104.00000000000000000000
-2032951965450400155303936.00000000000000000000
-289882097616071697251696640.00000000000000000000
677200128.00000000000000000000
78611400.00000000000000000000
152345904.00000000000000000000
113896800.00000000000000000000
488721216.00000000000000000000
864000704.00000000000000000000
-677955771214641568726122496.00000000000000000000
-147414996995993257721724928.00000000000000000000
-216427402522233220940955648.00000000000000000000
51358160.00000000000000000000
-52503399683753231452733440.00000000000000000000
-113491296293860839478263808.00000000000000000000
-890428985017466631311327232.00000000000000000000
-638814805556257988563435520.00000000000000000000
-969087229913337466489667584.00000000000000000000
-13824289768429135761244160.00000000000000000000
429885088.00000000000000000000
-863714099537574967115776.00000000000000000000
156308608.00000000000000000000
-264071302627672850373279744.00000000000000000000
337348512.00000000000000000000
-119838701025787817077243904.00000000000000000000
136400000.00000000000000000000
61152060.00000000000000000000
-10373230229023882391584768.00000000000000000000
-934045721083942507401707520.00000000000000000000
727666432.00000000000000000000
-538529007612559716364845056.00000000000000000000
385518496.00000000000000000000
-513407788811124279944937472.00000000000000000000
243377200.00000000000000000000
56637140.00000000000000000000
-21913920302827704099536896.00000000000000000000
-207831109103420127630589952.00000000000000000000
-1272069024578936969887744.00000000000000000000
-466357412696256255335858176.00000000000000000000
224012304.00000000000000000000
-395085686849356493653803008.00000000000000000000
93313104.00000000000000000000
-578358110611868957641015296.00000000000000000000
585418368.00000000000000000000
-29453900121590976569409536.00000000000000000000
693639424.00000000000000000000
86160544.00000000000000000000
-69985462052756105212198912.00000000000000000000
612829120.00000000000000000000
-416928808548429300494237696.00000000000000000000
720802624.00000000000000000000
-395934495331164164961861632.00000000000000000000
-700393874197067803444379648.00000000000000000000
-817922581696225341920509952.00000000000000000000
-884458216682664618482466816.00000000000000000000
-406107985368279424935395328.00000000000000000000
618435328.00000000000000000000
-83552479693275232284442624.00000000000000000000
-985415328536693328683466752.00000000000000000000
-31459180514438545408.00000000000000000000
593418112.00000000000000000000
-96193406217689881882132480.00000000000000000000
-57904938389928714937827328.00000000000000000000
-19959709129147061620441088.00000000000000000000
78609512.00000000000000000000
620949632.00000000000000000000
-751574586990503838917591040.00000000000000000000
-26435789124360200196718592.00000000000000000000
165433408.00000000000000000000
-641803325670151525601640448.00000000000000000000
683769728.00000000000000000000
184898000.00000000000000000000
429080096.00000000000000000000
793932224.00000000000000000000
-742811202963871084488687616.00000000000000000000
753916032.00000000000000000000
338676992.00000000000000000000
565999424.00000000000000000000
-478963216619954561947271168.00000000000000000000
-310129981781138249487482880.00000000000000000000
-2057784021162186653040640.00000000000000000000
-80788640922199477584920576.00000000000000000000
-489373889704222808604672.00000000000000000000
959618112.00000000000000000000
772574528.00000000000000000000
-53410520845593689980928.00000000000000000000
-46224870482511466892099584.00000000000000000000
504692704.00000000000000000000
847741824.00000000000000000000
445417408.00000000000000000000
81199640.00000000000000000000
-519778999066278379720278016.00000000000000000000
-345760310681366017463025664.00000000000000000000
-295776103284175481602048.00000000000000000000
326996416.00000000000000000000
498161600.00000000000000000000
-603364406197725183554355200.00000000000000000000
-537043786460209065526034432.00000000000000000000
602474816.00000000000000000000
657601728.00000000000000000000
-122977497540277828977688576.00000000000000000000
900909568.00000000000000000000
622441600.00000000000000000000
-37653540120116121032458240.00000000000000000000
-56555798868609819461287936.00000000000000000000
-341504388569144191971491840.00000000000000000000
-115449897792631024830644224.00000000000000000000
-48262931331379156138065920.00000000000000000000
-3400497013899215488679936.00000000000000000000
-973088697637806542426210304.00000000000000000000
667251008.00000000000000000000
647352832.00000000000000000000
700147200.00000000000000000000
805258304.00000000000000000000
70261688.00000000000000000000
421432192.00000000000000000000
921610624.00000000000000000000
-1595828982738117917147136.00000000000000000000
-27170350002590360610537472.00000000000000000000
697634816.00000000000000000000
30806420.00000000000000000000
-117105197925341277735354368.00000000000000000000
-8394476238813921657487360.00000000000000000000
967412608.00000000000000000000
-24007559210005644181504.00000000000000000000
387344800.00000000000000000000
277907296.00000000000000000000
-189015799083117859173302272.00000000000000000000
690385408.00000000000000000000
631049728.00000000000000000000
-9095901027101774446592.00000000000000000000
-367032099822987892070809600.00000000000000000000
124179904.00000000000000000000
-26597128959714882362540032.00000000000000000000
46653980.00000000000000000000
294516992.00000000000000000000
588612800.00000000000000000000
-32001109553637123149529088.00000000000000000000
433582592.00000000000000000000
442217504.00000000000000000000
588161600.00000000000000000000
482968704.00000000000000000000
-672034735301862276848418816.00000000000000000000
909959168.00000000000000000000
-24019890534159745846083584.00000000000000000000
-22921940326892553333899264.00000000000000000000
965013312.00000000000000000000
-229802195866132257630584832.00000000000000000000
-736450765607256031091490816.00000000000000000000
-513224907790377523450216448.00000000000000000000
-457794507884216576313917440.00000000000000000000
613422528.00000000000000000000
824523520.00000000000000000000
441582400.00000000000000000000
-10871450269260171423252480.00000000000000000000
230955600.00000000000000000000
576191616.00000000000000000000
-686683294770795031786684416.00000000000000000000
923436608.00000000000000000000
-415194703925036160385024000.00000000000000000000
25270330.00000000000000000000
58214152.00000000000000000000
961994624.00000000000000000000
-88176976975461811472039936.00000000000000000000
-104620699790671685135368192.00000000000000000000
-395626508492109510288080896.00000000000000000000
43968280.00000000000000000000
-84989573290337574903087104.00000000000000000000
709048512.00000000000000000000
-468972601125157994496.00000000000000000000
678412928.00000000000000000000
-47828870219952733533765632.00000000000000000000
558471424.00000000000000000000
657301824.00000000000000000000
-179235796543838897645289472.00000000000000000000
-2390537055287677158424576.00000000000000000000
549947328.00000000000000000000
-15207639929554230208102400.00000000000000000000
-700117615757819929199378432.00000000000000000000
-36158650568027837174906880.00000000000000000000
227613696.00000000000000000000
796877120.00000000000000000000
336828800.00000000000000000000
-12759290057763606935633920.00000000000000000000
-632125130711415367088996352.00000000000000000000
479123808.00000000000000000000
-575882814370442286989312.00000000000000000000
930255616.00000000000000000000
-372990287478331634985467904.00000000000000000000
-216633600227489146308919296.00000000000000000000
-88095940428746005411790848.00000000000000000000
-285637391124246687167545344.00000000000000000000
-303618311387308273696768.00000000000000000000
-660603804508218531579428864.00000000000000000000
801768832.00000000000000000000
-489876383336246299066368.00000000000000000000
-177665203859915119001600000.00000000000000000000
521401408.00000000000000000000
484460800.00000000000000000000
867161920.00000000000000000000
605897024.00000000000000000000
-416569318399920848752345088.00000000000000000000
934844928.00000000000000000000
174961104.00000000000000000000
46466672.00000000000000000000
-144504995448249465389973504.00000000000000000000
-101082595830590119425867776.00000000000000000000
-42203000659096868191469568.00000000000000000000
-94705187469427253241184256.00000000000000000000
904188224.00000000000000000000
-462908108191611389739008.00000000000000000000
-2528149910192738489335808.00000000000000000000
629060608.00000000000000000000
-399123088831281155796893696.00000000000000000000
974627968.00000000000000000000
219048400.00000000000000000000
-97610669564872986732789760.00000000000000000000
-178843803232272569673449472.00000000000000000000
-341162090786112437531705344.00000000000000000000
-615293989377169445422628864.00000000000000000000
-135288697737746957195018240.00000000000000000000
679240832.00000000000000000000
-31005310497521106493112320.00000000000000000000
964578432.00000000000000000000
-143697101844797281867399168.00000000000000000000
-560624406983584575033180160.00000000000000000000
-116589602205109058912911360.00000000000000000000
-114620504508960932825661440.00000000000000000000
583311104.00000000000000000000
352112096.00000000000000000000
21323250.00000000000000000000
177066208.00000000000000000000
-73669341407880160653344768.00000000000000000000
61037072.00000000000000000000
-14120559466232471049207808.00000000000000000000
340048192.00000000000000000000
-176399701876226422632087552.00000000000000000000
874137920.00000000000000000000
549868928.00000000000000000000
406849216.00000000000000000000
-3262179003378898994987008.00000000000000000000
463407712.00000000000000000000
593959424.00000000000000000000
-79499563999584580408442880.00000000000000000000
-591466809672504734048583680.00000000000000000000
-52733688836769421495107584.00000000000000000000
-156018392411274729209462784.00000000000000000000
870540928.00000000000000000000
-442293303010708818480857088.00000000000000000000
-8193979153937524844396544.00000000000000000000
-1507763938299852366020608.00000000000000000000
809723520.00000000000000000000
-799149772974268900270145536.00000000000000000000
539439808.00000000000000000000
-153125703132844113291902976.00000000000000000000
-100132302586260935019593728.00000000000000000000
139323200.00000000000000000000
-12846550074761280755859456.00000000000000000000
-73866799968131166121230336.00000000000000000000
-106667698087043086659092480.00000000000000000000
-842318326946729929094463488.00000000000000000000
734255808.00000000000000000000
623856768.00000000000000000000
952790016.00000000000000000000
-993465266289531292494069760.00000000000000000000
593254912.00000000000000000000
741428608.00000000000000000000
-53497360982990904795070464.00000000000000000000
-16083019793278575518416896.00000000000000000000
-104434802727268877128957952.00000000000000000000
936550912.00000000000000000000
433157088.00000000000000000000
-23912710339405474923806720.00000000000000000000
84184384.00000000000000000000
-185303705432933064972959744.00000000000000000000
45440360.00000000000000000000
205156800.00000000000000000000
322108608.00000000000000000000
-88057866348977868897255424.00000000000000000000
-64974888252164840391442432.00000000000000000000
857216320.00000000000000000000
55286520.00000000000000000000
-779661083008299938340667392.00000000000000000000
-4680577113552913134780416.00000000000000000000
382698592.00000000000000000000
-111424799789003526958481408.00000000000000000000
-301819502215003211969855488.00000000000000000000
828410624.00000000000000000000
-107645403193065803459067904.00000000000000000000
-595175601355500334239186944.00000000000000000000
545232704.00000000000000000000
566075008.00000000000000000000
-975712710088803578724483072.00000000000000000000
844742208.00000000000000000000
-844274936197140153815269376.00000000000000000000
761578816.00000000000000000000
721825728.00000000000000000000
-64257139275314857020227584.00000000000000000000
10341090.00000000000000000000
217151104.00000000000000000000
-866025418347474791287488512.00000000000000000000
-40686669072865906193858560.00000000000000000000
-62981938915929407853953024.00000000000000000000
-346841105416644660092207104.00000000000000000000
-599017394063267380296941568.00000000000000000000
324360192.00000000000000000000
644987712.00000000000000000000
-691278009784674606903197696.00000000000000000000
-22641549816972168149336064.00000000000000000000
566306112.00000000000000000000
-304645996793477201920000.00000000000000000000
-35620600548571895400759296.00000000000000000000
-234234505745186893854670848.00000000000000000000
-49978521224358611910656.00000000000000000000
-412724315958684977232609280.00000000000000000000
497816512.00000000000000000000
-400737105150754446725087232.00000000000000000000
368369504.00000000000000000000
126409104.00000000000000000000
200769408.00000000000000000000
15877950.00000000000000000000
458144704.00000000000000000000
-54804142168230544713711616.00000000000000000000
897332928.00000000000000000000
166888800.00000000000000000000
232704000.00000000000000000000
-19922389024014140964864.00000000000000000000
-602016096779889605007638528.00000000000000000000
-1867455021661078683648.00000000000000000000
493873696.00000000000000000000
-36874960698840071201095680.00000000000000000000
194502800.00000000000000000000
-577044112138010478860304384.00000000000000000000
-451913206258172054810394624.00000000000000000000
-12240219737727959040.00000000000000000000
311199616.00000000000000000000
4267974.00000000000000000000
861714304.00000000000000000000
612513024.00000000000000000000
563351808.00000000000000000000
-11003020518444400193306624.00000000000000000000
733918912.00000000000000000000
-55953088399489507281338368.00000000000000000000
-31036579350021910036480.00000000000000000000
795999424.00000000000000000000
819311424.00000000000000000000
480744896.00000000000000000000
-10110369890581044315291648.00000000000000000000
-37035959269429389740212224.00000000000000000000
-119630096020430272612794368.00000000000000000000
-183666206408253941785559040.00000000000000000000
101160800.00000000000000000000
12849830.00000000000000000000
935407232.00000000000000000000
-684269722776190874053246976.00000000000000000000
585768512.00000000000000000000
-412513912395780246086877184.00000000000000000000
-248959397841096658917523456.00000000000000000000
-186936906366243013834833920.00000000000000000000
143181904.00000000000000000000
-36444369881142515206193152.00000000000000000000
-1146175977056174428127232.00000000000000000000
-204448105367510311831076864.00000000000000000000
-26175690032920895518932992.00000000000000000000
-536589111112280272497803264.00000000000000000000
290491712.00000000000000000000
743162112.00000000000000000000
836009728.00000000000000000000
-20275960109546738173345792.00000000000000000000
-116090995936168726587506688.00000000000000000000
-188516002999184772581818368.00000000000000000000
-38462980944227486943674368.00000000000000000000
-9415719119615106819817472.00000000000000000000
-161810891411348412931506176.00000000000000000000
151973504.00000000000000000000
-783848936634889775586738176.00000000000000000000
-484778109967333729064976384.00000000000000000000
552881408.00000000000000000000
-91499733645226891875975168.00000000000000000000
-239158605821246626724839424.00000000000000000000
-297127997134968882836013056.00000000000000000000
-258754692731212725663825920.00000000000000000000
901455424.00000000000000000000
-370038402598168485116772352.00000000000000000000
-66097201996667384793923584.00000000000000000000
867152512.00000000000000000000
596405824.00000000000000000000
57650440.00000000000000000000
329703200.00000000000000000000
-351108390723215890667536384.00000000000000000000
297555200.00000000000000000000
-129068095924582659053846528.00000000000000000000
-503231716229838700634177536.00000000000000000000
-632877093786836063251070976.00000000000000000000
172034800.00000000000000000000
120601200.00000000000000000000
841467904.00000000000000000000
-229312895979577111773970432.00000000000000000000
718181632.00000000000000000000
-43475480123731445198880768.00000000000000000000
-32638559277073496539136.00000000000000000000
56501660.00000000000000000000
-89904791259125816624152576.00000000000000000000
666728704.00000000000000000000
-468003083628560031854624768.00000000000000000000
-75418779887284571827339264.00000000000000000000
-90585199414284593435508736.00000000000000000000
968384320.00000000000000000000
-150446304332765764064903168.00000000000000000000
-200979896120724031612649472.00000000000000000000
-223609900581749066796367872.00000000000000000000
-256813707873032932933238784.00000000000000000000
418593216.00000000000000000000
-768832106367269483160010752.00000000000000000000
-262171702031016108490752.00000000000000000000
-121023503404070428737536.00000000000000000000
624346624.00000000000000000000
-734581224988873715454312448.00000000000000000000
57041880.00000000000000000000
-223911707761539028770357248.00000000000000000000
-842543819946286954653417472.00000000000000000000
-34547159146649635241590784.00000000000000000000
842321024.00000000000000000000
-60910820168616141389824.00000000000000000000
-15143259639815479266115584.00000000000000000000
720153920.00000000000000000000
576902912.00000000000000000000
335746816.00000000000000000000
589856000.00000000000000000000
-27814540281603417930989568.00000000000000000000
57201660.00000000000000000000
881043328.00000000000000000000
271282208.00000000000000000000
-770722897634824712200650752.00000000000000000000
850341312.00000000000000000000
-1937020969931766314827776.00000000000000000000
-6857050224273920484179968.00000000000000000000
341349600.00000000000000000000
234448608.00000000000000000000
851678912.00000000000000000000
21107420.00000000000000000000
719331520.00000000000000000000
-11344189591323144529903616.00000000000000000000
-194176700012851801557565440.00000000000000000000
-728421119272899147787665408.00000000000000000000
-841885418756808113337139200.00000000000000000000
-691240429155310442119168.00000000000000000000
-359384891386767155191087104.00000000000000000000
-16027940121317488010985472.00000000000000000000
-722959481074531518583406592.00000000000000000000
166314208.00000000000000000000
-34897080046669850153582592.00000000000000000000
68832040.00000000000000000000
192641600.00000000000000000000
819803712.00000000000000000000
267128800.00000000000000000000
841143104.00000000000000000000
478854208.00000000000000000000
-355548116193388158131372032.00000000000000000000
785418368.00000000000000000000
838971712.00000000000000000000
724394816.00000000000000000000
655340608.00000000000000000000
787827904.00000000000000000000
840565312.00000000000000000000
-474603808273479225871171584.00000000000000000000
731935808.00000000000000000000
-743366892682347511021568000.00000000000000000000
90048392.00000000000000000000
419559200.00000000000000000000
-627288320628312427817074688.00000000000000000000
276047712.00000000000000000000
-247086297001108117336883200.00000000000000000000
-919887328498536362668982272.00000000000000000000
-157940192655617864006369280.00000000000000000000
-157491401819048584325103616.00000000000000000000
807730816.00000000000000000000
-209856395582016773012062208.00000000000000000000
-18286039876406276521984.00000000000000000000
817650432.00000000000000000000
177820304.00000000000000000000
-889684769574556893160931328.00000000000000000000
-59584131667900440139268096.00000000000000000000
-407512114633682048585302016.00000000000000000000
-290684807684439168390266880.00000000000000000000
165134800.00000000000000000000
-532695593734130544857317376.00000000000000000000
-56466069293749277774839808.00000000000000000000
185174496.00000000000000000000
-2519057971207408894083072.00000000000000000000
846557824.00000000000000000000
286268096.00000000000000000000
-33523380991459819622760448.00000000000000000000
-47562609915992809865740288.00000000000000000000
521485408.00000000000000000000
-192189100232397744790044672.00000000000000000000
143171200.00000000000000000000
569796800.00000000000000000000
-23540999222948190603968512.00000000000000000000
97210320.00000000000000000000
-481232313714973426472452096.00000000000000000000
-149933097465891090629394432.00000000000000000000
85941840.00000000000000000000
-1555791045302071714643968.00000000000000000000
421752800.00000000000000000000
496043200.00000000000000000000
-92639253590264188862726144.00000000000000000000
-391368594131527724164972544.00000000000000000000
672411904.00000000000000000000
-182868403173810077387718656.00000000000000000000
-11134599991000665818136576.00000000000000000000
160499200.00000000000000000000
392800096.00000000000000000000
856742912.00000000000000000000
-454998793139381451509202944.00000000000000000000
671226368.00000000000000000000
515002208.00000000000000000000
151701104.00000000000000000000
-56245898179857517421527040.00000000000000000000
269203904.00000000000000000000
291865504.00000000000000000000
-826393031426967588669751296.00000000000000000000
-10368450216465782404022272.00000000000000000000
763427200.00000000000000000000
-123553497123979409726898176.00000000000000000000
731082368.00000000000000000000
273153312.00000000000000000000
-4377093118013472768.00000000000000000000
-1631970045488592976871424.00000000000000000000
304926496.00000000000000000000
-184908502387897911539138560.00000000000000000000
251488400.00000000000000000000
736417728.00000000000000000000
-12719019662529194377609216.00000000000000000000
804217216.00000000000000000000
774948608.00000000000000000000
-296103501862603201758363648.00000000000000000000
198952704.00000000000000000000
292245600.00000000000000000000
-766829896765509048427610112.00000000000000000000
-140961596479985210621952.00000000000000000000
-971780528335075355863810048.00000000000000000000
-165934993090419509967192064.00000000000000000000
38493112.00000000000000000000
315879808.00000000000000000000
-82638923139768840450211840.00000000000000000000
-224588703269044169314664448.00000000000000000000
932069312.00000000000000000000
-100938296175073526458351616.00000000000000000000
517452800.00000000000000000000
198074000.00000000000000000000
-287504090944041651533774848.00000000000000000000
-918330423298715276512591872.00000000000000000000
-313650284633188685479673856.00000000000000000000
-206633804732571935473401856.00000000000000000000
374133408.00000000000000000000
464442496.00000000000000000000
375488800.00000000000000000000
39076832.00000000000000000000
-417257381953870215027621888.00000000000000000000
823247808.00000000000000000000
29001820.00000000000000000000
588928320.00000000000000000000
-91742520467353020139569152.00000000000000000000
793413632.00000000000000000000
-334778299851500067842162688.00000000000000000000
-599425288468225245902274560.00000000000000000000
-845777312821479354537082880.00000000000000000000
-237813893374390233464832.00000000000000000000
-237674694387725209264193536.00000000000000000000
315476704.00000000000000000000
637814912.00000000000000000000
-763491331236072798937939968.00000000000000000000
-334720008140227145659056128.00000000000000000000
889724416.00000000000000000000
-601566807881230335168479232.00000000000000000000
32285980.00000000000000000000
-18364990409817880096931840.00000000000000000000
-32324271073477819105280.00000000000000000000
-17686120251946248819441664.00000000000000000000
-953513307974691145604136960.00000000000000000000
403986816.00000000000000000000
731322112.00000000000000000000
-749032404296217778190286848.00000000000000000000
-232866402970960224959070208.00000000000000000000
754690304.00000000000000000000
-657877375734124259850584064.00000000000000000000
466736000.00000000000000000000
766001920.00000000000000000000
565450816.00000000000000000000
385140800.00000000000000000000
-42436711683138731355668480.00000000000000000000
663216704.00000000000000000000
-191758804562605368147968.00000000000000000000
147592000.00000000000000000000
-377324202424497104461234176.00000000000000000000
132384000.00000000000000000000
-1487426979419339888787456.00000000000000000000
781042816.00000000000000000000
-1707585987635301870206976.00000000000000000000
-34146590404932041541943296.00000000000000000000
514332000.00000000000000000000
199130400.00000000000000000000
799273024.00000000000000000000
751673600.00000000000000000000
191161104.00000000000000000000
-311562408351949943589568512.00000000000000000000
428665792.00000000000000000000
420827200.00000000000000000000
739852416.00000000000000000000
262884096.00000000000000000000
-128484099677325125214011392.00000000000000000000
330788800.00000000000000000000
738014528.00000000000000000000
-123342401808171914472980480.00000000000000000000
-62077679521436165633736704.00000000000000000000
462830400.00000000000000000000
-4922091110337955439312896.00000000000000000000
-27986719884944413672079360.00000000000000000000
-9696299285122999830708224.00000000000000000000
524138304.00000000000000000000
-3542059057303119498051584.00000000000000000000
381822208.00000000000000000000
553493632.00000000000000000000
487367904.00000000000000000000
104391200.00000000000000000000
682367808.00000000000000000000
-99999550592534484231389184.00000000000000000000
262607808.00000000000000000000
-125108004247070913641578496.00000000000000000000
720431232.00000000000000000000
-498564505511749446979813376.00000000000000000000
-32079339889410716144238592.00000000000000000000
421854112.00000000000000000000
-183909592749562465609580544.00000000000000000000
812490112.00000000000000000000
-8631197099551549816832.00000000000000000000
837837504.00000000000000000000
421727104.00000000000000000000
151180000.00000000000000000000
-125208299194599672473714688.00000000000000000000
-14410850113112915228753920.00000000000000000000
-883554768944910619482521600.00000000000000000000
-302606606337884324827758592.00000000000000000000
362539904.00000000000000000000
366437696.00000000000000000000
797817600.00000000000000000000
470915712.00000000000000000000
-939336321071258701643382784.00000000000000000000
134065200.00000000000000000000
17567160.00000000000000000000
412820896.00000000000000000000
576647616.00000000000000000000
328022016.00000000000000000000
156177600.00000000000000000000
-17241790068678293029126144.00000000000000000000
-15358739516104994359083008.00000000000000000000
542803712.00000000000000000000
679110528.00000000000000000000
-789031512488910326694150144.00000000000000000000
235337200.00000000000000000000
224525600.00000000000000000000
399672096.00000000000000000000
-9649544282885926061867008.00000000000000000000
-96445305731388422664224768.00000000000000000000
824448128.00000000000000000000
313915712.00000000000000000000
-186891804076982793981132800.00000000000000000000
-275663900686378586152632320.00000000000000000000
-28006499406277448738799616.00000000000000000000
575870016.00000000000000000000
245794496.00000000000000000000
-6377436031278976749010944.00000000000000000000
-71143520975587480298323968.00000000000000000000
-276970797163768686755971072.00000000000000000000
-405605717420640461263994880.00000000000000000000
171175008.00000000000000000000
301218112.00000000000000000000
837001024.00000000000000000000
284823104.00000000000000000000
230613904.00000000000000000000
183123808.00000000000000000000
-71509190783360624740007936.00000000000000000000
383782688.00000000000000000000
764381120.00000000000000000000
834374528.00000000000000000000
-225896503636893881686032384.00000000000000000000
-772754769601055671892049920.00000000000000000000
355427008.00000000000000000000
-108575100647636691150962688.00000000000000000000
-9006701192651001842106368.00000000000000000000
528484096.00000000000000000000
894198912.00000000000000000000
-126556903760340430373257216.00000000000000000000
-6467282051211483727003648.00000000000000000000
-857798982147339574487023616.00000000000000000000
294074912.00000000000000000000
717395520.00000000000000000000
-25171470038135230452203520.00000000000000000000
921239424.00000000000000000000
-31651949581809948756541440.00000000000000000000
-5755346104587728078241792.00000000000000000000
-998851420411149302213115904.00000000000000000000
-355605301100016657741381632.00000000000000000000
570160704.00000000000000000000
-173573992725527446096445440.00000000000000000000
275596512.00000000000000000000
-108490697570127433097543680.00000000000000000000
47644280.00000000000000000000
-212561499919961836499238912.00000000000000000000
615532224.00000000000000000000
94761800.00000000000000000000
649993216.00000000000000000000
879962304.00000000000000000000
856692416.00000000000000000000
400574400.00000000000000000000
309096800.00000000000000000000
-310883789530966316604719104.00000000000000000000
183319200.00000000000000000000
-1347724021941614420164608.00000000000000000000
-482040982081676705796194304.00000000000000000000
-18137109709824813757890560.00000000000000000000
360284416.00000000000000000000
763267520.00000000000000000000
-11580779460362010991001600.00000000000000000000
-284326307235951854495989760.00000000000000000000
-449367998297857905716625408.00000000000000000000
914257024.00000000000000000000
-77112902634049827241984.00000000000000000000
-25822760007773656736333824.00000000000000000000
264895296.00000000000000000000
-8571061155224020160872448.00000000000000000000
-140733195861933162496.00000000000000000000
-94939949957881317849825280.00000000000000000000
-115053000313272069521408.00000000000000000000
-382412884351182473950920704.00000000000000000000
-51055477847919621327290368.00000000000000000000
730384320.00000000000000000000
787650112.00000000000000000000
104730800.00000000000000000000
68303720.00000000000000000000
552707904.00000000000000000000
532318208.00000000000000000000
469460800.00000000000000000000
538511424.00000000000000000000
-321820605837851677824122880.00000000000000000000
497559296.00000000000000000000
-26211329142471302372655104.00000000000000000000
599705216.00000000000000000000
-18218849538658429994795008.00000000000000000000
201103200.00000000000000000000
